"east.west" "north.south" "angle" "radial.position" "velocity"
"1" 8.46278858 -38.173172 102.5 39.099998 1769
"2" 7.96497774 -35.9276924 102.5 36.799999 1749
"3" 7.4671669 -33.6822128 102.5 34.500001 1749
"4" 6.96935558 -31.4367313 102.5 32.2 1758
"5" 6.47154427 -29.1912498 102.5 29.899999 1750
"6" 5.97373343 -26.9457703 102.5 27.6 1745
"7" 5.47592211 -24.7002888 102.5 25.3 1750
"8" 4.97811127 -22.4548073 102.5 22.999999 1753
"9" 4.48029995 -20.2093277 102.5 20.7 1734
"10" 3.98248887 -17.9638462 102.5 18.4 1710
"11" 3.46303391 -15.6207361 102.5 16 1711
"12" 2.9652226 -13.3752556 102.5 13.7 1709
"13" 2.46741152 -11.1297741 102.5 11.4 1674
"14" 1.96960056 -8.8842945 102.5 9.100001 1665
"15" 1.47178936 -6.638813 102.5 6.8 1680
"16" 0.97397828 -4.393332 102.5 4.5 1648
"17" 0.47616717 -2.1478512 102.5 2.2 1626
"18" -0.02164396 0.0976296 102.5 -0.1 1581
"19" -0.51945508 2.3431106 102.5 -2.4 1602
"20" -1.01726615 4.5885911 102.5 -4.7 1558
"21" -1.51507735 6.8340721 102.5 -7 1538
"22" -2.01288843 9.0795527 102.5 -9.3 1506
"23" -2.51069951 11.3250341 102.5 -11.6 1521
"24" -3.00851059 13.5705137 102.5 -13.899999 1498
"25" -3.52796555 15.9136238 102.5 -16.299999 1501
"26" -4.02577686 18.1591053 102.5 -18.6 1491
"27" -4.5235877 20.4045868 102.5 -20.9 1481
"28" -5.02139902 22.6500683 102.5 -23.200001 1468
"29" -5.51921034 24.8955479 102.5 -25.5 1455
"30" -6.01702118 27.1410275 102.5 -27.799998 1454
"31" -6.5148325 29.3865108 102.5 -30.100001 1456
"32" -7.01264381 31.6319923 102.5 -32.400002 1459
"33" -7.51045465 33.8774719 102.5 -34.7 1451
"34" -8.0082655 36.1229515 102.5 -36.999999 1465
"35" -8.50607681 38.3684311 102.5 -39.299998 1451
"36" -9.50169945 42.8593979 102.5 -43.900003 1486
"37" -11.01677704 49.69347 102.5 -50.900003 1433
"38" 27.82443619 6.168529 12.5 28.5 1631
"39" 21.08799362 4.6750956 12.5 21.6 1618
"40" 18.84251213 4.1772842 12.5 19.299999 1607
"41" 16.59703255 3.6794734 12.5 17 1608
"42" 14.35155106 3.1816623 12.5 14.7 1601
"43" 12.10607147 2.6838512 12.5 12.4 1603
"44" 9.86058998 2.1860402 12.5 10.1 1612
"45" 7.61510897 1.6882291 12.5 7.8 1607
"46" 5.27199841 1.1687739 12.5 5.4 1618
"47" 3.02651763 0.6709628 12.5 3.1 1649
"48" 0.7810368 0.1731517 12.5 0.8 1595
"49" -1.464444 -0.3246594 12.5 -1.5 1580
"50" -3.7099247 -0.8224705 12.5 -3.8 1574
"51" -5.9554057 -1.3202816 12.5 -6.1 1574
"52" -8.2008858 -1.8180927 12.5 -8.399999 1559
"53" -10.4463673 -2.3159039 12.5 -10.7 1578
"54" -12.6918478 -2.813715 12.5 -13 1591
"55" -14.9373293 -3.3115261 12.5 -15.3 1579
"56" -17.1828098 -3.8093374 12.5 -17.6 1588
"57" -19.4282894 -4.3071485 12.5 -19.899999 1581
"58" -21.6737728 -4.8049598 12.5 -22.200001 1569
"59" -23.9192524 -5.3027706 12.5 -24.5 1572
"60" -26.2623615 -5.8222256 12.5 -26.899999 1584
"61" -28.5078449 -6.3200369 12.5 -29.200002 1565
"62" 23.8699417 -25.5973797 133 34.999999 1718
"63" 22.3013477 -23.915266 133 32.700001 1711
"64" 20.7327499 -22.2331524 133 30.4 1710
"65" 19.1641541 -20.5510387 133 28.1 1715
"66" 17.5955563 -18.8689251 133 25.799999 1713
"67" 16.0269623 -17.1868114 133 23.5 1717
"68" 14.3901653 -15.4315634 133 21.1 1715
"69" 12.8215675 -13.7494488 133 18.799999 1712
"70" 11.2529726 -12.0673361 133 16.5 1710
"71" 9.6843767 -10.3852224 133 14.2 1692
"72" 8.1157799 -8.7031088 133 11.899999 1669
"73" 6.5471845 -7.0209956 133 9.6 1679
"74" 4.9785881 -5.338882 133 7.3 1691
"75" 3.4099917 -3.6567686 133 5 1647
"76" 1.8413956 -1.974655 133 2.7 1630
"77" 0.2727993 -0.2925415 133 0.4 1616
"78" -1.2957969 1.389572 133 -1.9 1576
"79" -2.864393 3.0716853 133 -4.2 1561
"80" -4.4329891 4.753799 133 -6.5 1558
"81" -6.0015855 6.4359126 133 -8.8 1538
"82" -7.6383815 8.1911612 133 -11.2 1525
"83" -9.2069778 9.8732748 133 -13.5 1509
"84" -10.7755747 11.5553885 133 -15.8 1501
"85" -12.3441706 13.2375021 133 -18.1 1494
"86" -13.9127665 14.9196148 133 -20.399999 1489
"87" -15.4813633 16.6017303 133 -22.700001 1493
"88" -17.0499592 18.2838421 133 -25 1487
"89" -18.6185551 19.9659557 133 -27.3 1495
"90" -20.187151 21.6480694 133 -29.6 1511
"91" -21.7557468 23.330183 133 -31.899999 1505
"92" -23.3243446 25.0122967 133 -34.200001 1508
"93" -24.8929405 26.6944103 133 -36.5 1507
"94" -26.4615364 28.376524 133 -38.8 1513
"95" -28.0301323 30.0586357 133 -41.099999 1493
"96" -29.6669292 31.8138866 133 -43.500001 1495
"97" 18.4201126 -47.9860344 111 51.4 1736
"98" 17.5958652 -45.8387985 111 49.099999 1744
"99" 16.7716198 -43.6915627 111 46.799999 1765
"100" 15.9473734 -41.5443306 111 44.500001 1766
"101" 14.2630444 -37.1565018 111 39.800001 1764
"102" 13.438798 -35.0092659 111 37.5 1715
"103" 12.6145515 -32.86203 111 35.199999 1751
"104" 11.7903061 -30.714798 111 32.900002 1761
"105" 10.9660597 -28.5675621 111 30.600001 1763
"106" 10.1418123 -26.4203262 111 28.3 1758
"107" 9.3175669 -24.2730904 111 25.999999 1743
"108" 8.4933205 -22.1258564 111 23.7 1738
"109" 7.6690741 -19.9786205 111 21.399999 1732
"110" 6.8448281 -17.8313866 111 19.1 1734
"111" 6.0205812 -15.6841507 111 16.799999 1723
"112" 5.1963353 -13.5369158 111 14.5 1706
"113" 4.3720889 -11.3896809 111 12.2 1665
"114" 3.5478425 -9.2424459 111 9.9 1677
"115" 2.6877596 -7.001853 111 7.5 1679
"116" 1.8635132 -4.8546181 111 5.2 1601
"117" 1.0392671 -2.7073834 111 2.9 1629
"118" 0.2150208 -0.5601483 111 0.6 1621
"119" -0.6092255 1.5870868 111 -1.7 1574
"120" -1.4334718 3.7343216 111 -4 1559
"121" -2.2577181 5.881557 111 -6.3 1540
"122" -3.0819645 8.0287924 111 -8.600001 1525
"123" -3.9062104 10.1760263 111 -10.9 1517
"124" -4.7304568 12.3232613 111 -13.2 1506
"125" -5.5547032 14.4704962 111 -15.5 1481
"126" -6.3789492 16.6177311 111 -17.799999 1465
"127" -7.203196 18.764967 111 -20.1 1468
"128" -8.027442 20.9122009 111 -22.399999 1465
"129" -8.8875246 23.1527939 111 -24.799999 1454
"130" -9.711772 25.3000298 111 -27.1 1448
"131" -10.5360174 27.4472637 111 -29.399999 1441
"132" -11.3602638 29.5944996 111 -31.7 1441
"133" -12.1845102 31.7417336 111 -33.999999 1430
"134" -13.0087566 33.8889694 111 -36.3 1434
"135" -13.8330021 36.0362015 111 -38.599997 1445
"136" -14.6572495 38.1834412 111 -40.900002 1464
"137" -15.4814959 40.330677 111 -43.200003 1471
"138" -16.3057423 42.4779091 111 -45.5 1442
"139" -17.1299877 44.625145 111 -47.8 1436
"140" -17.9542332 46.772377 111 -50.099997 1434
"141" -18.7784805 48.9196167 111 -52.400002 1428
"142" 25.8899231 24.1427422 43 35.4 1558
"143" 24.20780563 22.5741444 43 33.1 1563
"144" 22.45255852 20.9373493 43 30.7 1581
"145" 20.84358025 19.4369526 43 28.5 1548
"146" 19.1614666 17.8683567 43 26.2 1572
"147" 17.47935295 16.2997608 43 23.9 1574
"148" 15.79724026 14.7311649 43 21.6 1578
"149" 14.11512566 13.1625681 43 19.3 1576
"150" 12.43301296 11.5939722 43 17 1583
"151" 10.75089931 10.0253754 43 14.7 1584
"152" 9.06878567 8.4567795 43 12.4 1566
"153" 7.31353712 6.8199835 43 10 1568
"154" 5.70455885 5.3195872 43 7.8 1577
"155" 3.94931006 3.6827912 43 5.4 1587
"156" 2.19406104 2.045995 43 3 1606
"157" 0.51194757 0.4773988 43 0.7 1593
"158" -1.09703052 -1.0229975 43 -1.5 1584
"159" -2.77914405 -2.5915937 43 -3.8 1595
"160" -4.46125746 -4.1601901 43 -6.1 1617
"161" -6.07023573 -5.6605864 43 -8.3 1552
"162" -7.82548428 -7.2973824 43 -10.7 1597
"163" -9.50759792 -8.8659782 43 -13 1615
"164" -11.18971157 -10.4345751 43 -15.3 1626
"165" -12.87182522 -12.003171 43 -17.6 1626
"166" -14.55393791 -13.5717669 43 -19.9 1586
"167" -16.23605347 -15.1403637 43 -22.2 1624
"168" -23.1107769 -21.5511494 43 -31.6 1600
"169" -24.71975517 -23.0515442 43 -33.8 1585
"170" 1.97595823 -45.2568855 92.5 45.3 1738
"171" 1.77530909 -40.6612625 92.5 40.7 1690
"172" 1.67498457 -38.3634529 92.5 38.4 1729
"173" 1.57465982 -36.0656395 92.5 36.1 1719
"174" 1.47433531 -33.7678299 92.5 33.8 1702
"175" 1.37401068 -31.4700184 92.5 31.5 1754
"176" 1.27368617 -29.1722088 92.5 29.2 1741
"177" 1.17336154 -26.8743973 92.5 26.9 1736
"178" 1.07303691 -24.5765858 92.5 24.6 1731
"179" 0.97271228 -22.2787743 92.5 22.3 1725
"180" 0.87238777 -19.9809647 92.5 20 1710
"181" 0.76770121 -17.5832481 92.5 17.6 1673
"182" 0.66737664 -15.2854376 92.5 15.3 1669
"183" 0.56705201 -12.987627 92.5 13 1641
"184" 0.46672744 -10.6898165 92.5 10.7 1675
"185" 0.36640283 -8.392005 92.5 8.4 1681
"186" 0.26607826 -6.0941939 92.5 6.1 1645
"187" 0.16575366 -3.7963831 92.5 3.8 1594
"188" 0.06542908 -1.4985723 92.5 1.5 1583
"189" -0.03489551 0.7992386 92.5 -0.8 1599
"190" -0.1352201 3.0970495 92.5 -3.1 1578
"191" -0.2355447 5.3948603 92.5 -5.4 1548
"192" -0.33586928 7.6926713 92.5 -7.7 1543
"193" -0.43619388 9.9904823 92.5 -10 1537
"194" -0.53651845 12.2882929 92.5 -12.3 1543
"195" -0.63684309 14.5861044 92.5 -14.6 1519
"196" -0.74152958 16.98382 92.5 -17 1500
"197" -0.84185416 19.2816296 92.5 -19.3 1488
"198" -0.94217879 21.5794411 92.5 -21.6 1486
"199" -1.04250336 23.8772526 92.5 -23.9 1483
"200" -1.14282799 26.1750641 92.5 -26.2 1481
"201" -1.2431525 28.4728737 92.5 -28.5 1485
"202" -1.34347713 30.7706852 92.5 -30.8 1480
"203" -1.44380164 33.0684929 92.5 -33.1 1479
"204" -1.54412639 35.3663101 92.5 -35.4 1505
"205" -1.6444509 37.6641197 92.5 -37.7 1482
"206" -1.74477553 39.9619293 92.5 -40 1481
"207" -1.84510005 42.2597389 92.5 -42.3 1489
"208" 24.85321808 49.8478432 63.5 55.7 1531
"209" 23.82696342 47.7894974 63.5 53.4 1533
"210" 22.80070686 45.731144 63.5 51.1 1539
"211" 21.7298336 43.5833054 63.5 48.7 1526
"212" 20.70357895 41.5249557 63.5 46.4 1551
"213" 19.67732239 39.4666023 63.5 44.1 1549
"214" 18.65106773 37.4082565 63.5 41.8 1532
"215" 16.55393791 33.2020645 63.5 37.1 1538
"216" 15.57230473 31.2332115 63.5 34.9 1550
"217" 14.54604816 29.1748581 63.5 32.6 1536
"218" 13.47517395 27.0270176 63.5 30.2 1519
"219" 12.44891834 24.968668 63.5 27.9 1536
"220" 11.42266464 22.9103203 63.5 25.6 1535
"221" 10.39640903 20.8519707 63.5 23.3 1536
"222" 9.37015438 18.7936211 63.5 21 1533
"223" 8.34389973 16.7352734 63.5 18.7 1528
"224" 7.31764412 14.6769228 63.5 16.4 1539
"225" 6.29138947 12.6185751 63.5 14.1 1546
"226" 5.26513433 10.5602245 63.5 11.8 1552
"227" 4.2388792 8.5018768 63.5 9.5 1557
"228" 3.21262407 6.4435272 63.5 7.2 1573
"229" 2.18636942 4.3851786 63.5 4.9 1553
"230" 1.16011429 2.3268292 63.5 2.6 1576
"231" 0.13385935 0.2684803 63.5 0.3 1591
"232" -0.93701535 -1.8793621 63.5 -2.1 1591
"233" -1.96327043 -3.9377112 63.5 -4.4 1624
"234" -2.98952532 -5.9960599 63.5 -6.7 1633
"235" -4.01578045 -8.054409 63.5 -9 1597
"236" -5.0420356 -10.11275864 63.5 -11.3 1605
"237" -6.0682902 -12.17110729 63.5 -13.6 1629
"238" -7.0499253 -14.13996315 63.5 -15.8 1658
"239" -8.0761805 -16.19831276 63.5 -18.100001 1664
"240" -9.1470556 -18.34615517 63.5 -20.500001 1667
"241" -10.1733093 -20.40450287 63.5 -22.799999 1671
"242" -11.1995649 -22.46285248 63.5 -25.1 1687
"243" -12.2258196 -24.52120209 63.5 -27.4 1682
"244" -13.2520752 -26.5795517 63.5 -29.700001 1668
"245" -14.2783298 -28.6378994 63.5 -32 1673
"246" -15.3045855 -30.6962471 63.5 -34.299998 1684
"247" -16.3308392 -32.75459671 63.5 -36.599999 1668
"248" -17.3570957 -34.81294632 63.5 -38.9 1618
"249" -18.3833504 -36.87129593 63.5 -41.2 1658
"250" -19.409605 -38.92964554 63.5 -43.500001 1644
"251" -20.4358597 -40.98799133 63.5 -45.799998 1647
"252" -21.4621143 -43.04634094 63.5 -48.099998 1642
"253" -22.4883709 -45.10469437 63.5 -50.400003 1616
"254" 29.4841404 6.53647661 12.5 30.200001 1629
"255" 27.0433998 5.99537754 12.5 27.7 1610
"256" 25.0908089 5.56249809 12.5 25.700001 1603
"257" 22.6500683 5.02139902 12.5 23.200001 1613
"258" 20.4045868 4.5235877 12.5 20.9 1603
"259" 18.1591053 4.02577686 12.5 18.6 1606
"260" 15.9136238 3.52796555 12.5 16.299999 1603
"261" 13.7657738 3.05179858 12.5 14.1 1608
"262" 11.4226627 2.53234339 12.5 11.699999 1613
"263" 9.1771822 2.03453231 12.5 9.4 1616
"264" 6.9317017 1.53672123 12.5 7.1 1615
"265" 4.5885911 1.01726615 12.5 4.7 1611
"266" 2.4407401 0.54109901 12.5 2.5 1580
"267" 0.0976296 0.02164396 12.5 0.1 1580
"268" -2.0502214 -0.45452318 12.5 -2.1 1586
"269" -4.1980729 -0.93069041 12.5 -4.3 1591
"270" -6.638813 -1.47178936 12.5 -6.8 1592
"271" -8.8842945 -1.96960056 12.5 -9.100001 1562
"272" -11.1297741 -2.46741152 12.5 -11.4 1572
"273" -13.277626 -2.94357872 12.5 -13.6 1589
"274" -15.5231066 -3.4413898 12.5 -15.9 1588
"275" -17.8662167 -3.96084476 12.5 -18.3 1585
"276" -20.1116982 -4.45865631 12.5 -20.6 1586
"277" -22.3571777 -4.95646715 12.5 -22.899999 1573
"278" -24.6026592 -5.45427847 12.5 -25.2 1573
"279" -26.8481407 -5.95208931 12.5 -27.5 1558
"280" -29.0936203 -6.44990015 12.5 -29.799999 1566
"281" 10.8869123 -49.1076889 102.5 50.3 1740
"282" 9.3934793 -42.37124634 102.5 43.4 1704
"283" 8.91731262 -40.2233963 102.5 41.200001 1748
"284" 8.39785671 -37.8802834 102.5 38.799998 1757
"285" 7.92168951 -35.7324333 102.5 36.599999 1775
"286" 7.42387867 -33.4869537 102.5 34.300001 1765
"287" 6.92606783 -31.2414722 102.5 32 1762
"288" 6.42825651 -28.9959927 102.5 29.700001 1752
"289" 5.90880108 -26.6528797 102.5 27.299999 1752
"290" 5.41099024 -24.4074001 102.5 25 1753
"291" 4.9131794 -22.1619205 102.5 22.700001 1753
"292" 4.41536808 -19.9164391 102.5 20.4 1748
"293" 3.917557 -17.6709576 102.5 18.1 1730
"294" 3.4413898 -15.5231066 102.5 15.9 1709
"295" 2.92193484 -13.1799955 102.5 13.5 1688
"296" 2.42412353 -10.934515 102.5 11.2 1687
"297" 1.92631245 -8.6890345 102.5 8.9 1678
"298" 1.42850149 -6.4435534 102.5 6.6 1654
"299" 0.93069041 -4.1980729 102.5 4.3 1634
"300" 0.43287924 -1.952592 102.5 2 1611
"301" -0.06493188 0.2928888 102.5 -0.3 1590
"302" -0.56274295 2.5383694 102.5 -2.6 1562
"303" -1.06055415 4.7838507 102.5 -4.9 1565
"304" -1.55836523 7.0293312 102.5 -7.2 1541
"305" -2.0778203 9.3724422 102.5 -9.600001 1537
"306" -2.5539875 11.5202932 102.5 -11.8 1515
"307" -3.07344246 13.8634033 102.5 -14.2 1498
"308" -3.57125354 16.1088848 102.5 -16.500001 1479
"309" -4.06906462 18.3543644 102.5 -18.799999 1481
"310" -4.56687593 20.5998459 102.5 -21.1 1475
"311" -5.06468678 22.8453255 102.5 -23.399999 1466
"312" -5.56249809 25.0908089 102.5 -25.700001 1461
"313" -6.06030941 27.3362885 102.5 -28 1457
"314" -6.55812025 29.581768 102.5 -30.299999 1455
"315" -7.05593109 31.8272476 102.5 -32.599998 1452
"316" -7.57538652 34.1703606 102.5 -35 1453
"317" -8.07319736 36.4158401 102.5 -37.299999 1448
"318" -8.54936504 38.563694 102.5 -39.500002 1469
"319" -9.09046364 41.0044327 102.5 -42 1456
"320" -9.58827496 43.2499123 102.5 -44.299999 1448
"321" -10.04279804 45.3001366 102.5 -46.400002 1409
"322" -10.54060936 47.5456161 102.5 -48.700001 1416
"323" -11.06006432 49.8887253 102.5 -51.099999 1429
